$ANSIBLE_VAULT;1.1;AES256
30326233353838653666653464336563306135366139363435623434316465326433333837313531
3038323061383438623337396364613439323364363831350a323736316164623634353861386661
34646364316164613437646263303763323732353764646338643235376164326635616638386431
6431636364363061630a326237636462306234666663393036346262336232643037623765313566
36643236326434653861336338363034643163356463316232333866383730643863613836663166
30333638303134363966626265376236656639396161653861383237333735346237346664303962
31333164626133343464623735666263646130386461333834366163633861616665646132336666
31633631653661353965306431383437303361336564623934373762323563326333636130336437
34303763616132633639396333303939306535343136303963346338613438343765313039373830
35613966393365316664626634643733663735663937643331343033306532643532353635356636
39336632623832666232666136333139326265343231353237653039316163616135363563343766
33393263613166656465613633303033323864636237633561386531373430333361306165653638
33656430343233643134393837393038303132386631663535633538646461343061653832613138
64383632643466306165323839393131353834366566626364656639303962646139613533613832
63343239356538626561623731383335666462323730356639333730633066623639343531336636
38393432383436623262386565393664633235626362383036343736623663653362646530663638
35393737663365346633333537663537646234316139663438303461643764646161
